35.663 5.484 1.429 0.00
35.578 5.586 1.427 0.00
35.590 5.702 1.428 0.00
35.396 5.785 1.422 0.00
17.199 2.853 0.799 0.00
35.566 6.043 1.429 0.00
35.659 6.174 1.433 0.00
28.972 6.478 1.213 0.24
28.963 6.572 1.213 0.00
24.087 6.791 1.055 0.15
23.906 6.821 1.050 0.54
23.745 6.855 1.045 0.00
23.888 6.978 1.051 0.00
18.862 5.730 0.876 0.55
18.720 5.751 0.871 0.99
18.721 5.816 0.872 0.99
18.714 5.878 0.872 0.99
18.701 5.939 0.873 0.99
18.690 6.000 0.873 0.99
18.521 5.977 0.867 0.89
18.633 6.078 0.872 0.39
18.695 6.164 0.875 0.00
32.846 18.067 1.477 0.00
33.002 18.289 1.485 0.00
52.875 32.439 2.307 0.00
52.826 32.524 2.307 0.00
51.646 32.021 2.264 0.00
51.541 32.180 2.264 0.00
51.732 32.526 2.275 0.00
52.082 32.975 2.294 0.00
50.827 32.404 2.247 0.00
50.805 32.502 2.249 0.00
51.097 32.916 2.264 0.00
51.032 33.102 2.266 0.00
49.996 32.653 2.228 0.00
49.821 32.762 2.225 0.00
49.232 32.596 2.206 0.00
48.953 32.633 2.199 0.00
43.583 29.149 1.982 0.00
43.394 29.220 1.978 0.00
43.201 29.288 1.974 0.00
43.011 29.357 1.970 0.00
42.810 29.417 1.966 0.00
42.617 29.482 1.961 0.00
42.426 29.547 1.957 0.00
42.479 29.683 1.961 0.00
42.539 29.925 1.968 0.00
46.602 33.005 2.140 0.00
46.879 33.423 2.156 0.00
47.645 34.196 2.192 0.00
47.520 34.333 2.192 0.00
46.904 34.113 2.170 0.00
47.151 34.406 2.183 0.00
46.920 34.464 2.178 0.00
46.792 34.597 2.177 0.00
46.805 34.834 2.182 0.00
46.779 35.043 2.186 0.00
46.587 35.129 2.182 0.00
46.362 35.188 2.177 0.07
46.316 35.268 2.178 0.00
46.146 35.368 2.175 0.00
45.975 35.467 2.173 0.00
49.069 38.102 2.310 0.00
48.824 38.159 2.305 0.00
50.670 40.248 2.397 0.00
50.566 40.425 2.398 0.00
50.542 40.667 2.403 0.00
49.488 40.075 2.362 0.00
49.204 40.102 2.356 0.00
48.942 40.144 2.350 0.00
36.142 29.732 1.792 0.12
36.010 29.813 1.790 0.00
35.953 29.957 1.792 0.00
47.965 40.233 2.326 0.00
47.554 40.143 2.314 0.00
47.229 40.123 2.305 0.00
39.251 33.767 1.960 0.14
39.151 33.788 1.958 0.23
39.096 33.955 1.960 0.00
39.031 34.115 1.962 0.00
45.192 39.756 2.244 0.00
44.856 39.711 2.235 0.00
44.555 39.695 2.227 0.00
44.247 39.670 2.219 0.00
44.083 39.649 2.214 0.00
44.049 39.869 2.218 0.00
43.913 39.998 2.218 0.00
43.672 40.030 2.212 0.00
43.349 39.985 2.203 0.00
43.117 40.022 2.198 0.00
42.799 39.979 2.190 0.00
42.680 39.992 2.187 0.00
42.478 40.055 2.183 0.00
42.300 40.139 2.181 0.07
42.165 40.263 2.181 0.09
41.969 40.329 2.177 0.09
41.920 40.536 2.181 0.00
41.807 40.554 2.179 0.00
29.280 28.570 1.592 0.00
29.160 28.632 1.591 0.00
2.856 2.807 0.345 0.07
41.460 40.983 2.180 0.00
2.823 2.791 0.343 0.16
2.806 2.792 0.343 0.14
2.780 2.775 0.342 0.38
2.760 2.772 0.341 0.24
2.745 2.774 0.341 0.26
2.716 2.762 0.340 0.26
2.715 2.778 0.340 0.27
2.687 2.766 0.340 0.27
2.665 2.762 0.339 0.25
2.646 2.750 0.338 0.21
2.641 2.763 0.338 0.27
2.610 2.746 0.337 0.20
2.591 2.744 0.337 0.12
2.565 2.733 0.336 0.09
2.567 2.753 0.336 0.14
2.540 2.740 0.335 0.22
2.522 2.729 0.335 0.11
2.504 2.727 0.334 0.16
2.485 2.723 0.334 0.23
2.477 2.732 0.334 0.21
2.441 2.709 0.332 0.15
2.444 2.730 0.333 0.43
2.429 2.730 0.333 0.24
2.397 2.702 0.331 0.16
2.403 2.726 0.332 0.45
2.382 2.719 0.331 0.25
2.368 2.720 0.331 0.27
2.355 2.723 0.331 0.26
2.331 2.712 0.330 0.26
2.318 2.713 0.330 0.26
2.315 2.718 0.330 0.27
2.293 2.710 0.329 0.27
2.275 2.705 0.329 0.26
2.250 2.692 0.328 0.17
2.260 2.723 0.329 0.43
2.238 2.713 0.328 0.25
2.227 2.716 0.328 0.23
2.186 2.675 0.326 0.16
2.201 2.711 0.327 0.46
2.185 2.709 0.327 0.25
2.168 2.705 0.326 0.25
2.153 2.704 0.326 0.26
2.119 2.677 0.325 0.16
2.123 2.700 0.325 0.45
2.121 2.706 0.325 0.25
2.109 2.708 0.325 0.27
2.090 2.700 0.325 0.26
2.079 2.704 0.324 0.26
2.074 2.715 0.325 0.26
2.046 2.696 0.324 0.26
2.039 2.704 0.324 0.26
2.031 2.702 0.323 0.27
2.017 2.701 0.323 0.26
2.002 2.699 0.323 0.26
1.998 2.712 0.323 0.26
1.973 2.695 0.322 0.26
1.966 2.703 0.322 0.27
1.952 2.701 0.322 0.26
1.945 2.701 0.322 0.27
1.930 2.697 0.321 0.27
1.916 2.695 0.321 0.27
1.898 2.688 0.320 0.27
1.894 2.700 0.321 0.27
1.880 2.698 0.320 0.27
1.874 2.698 0.320 0.27
1.859 2.695 0.320 0.27
1.848 2.696 0.320 0.27
1.836 2.697 0.319 0.27
1.825 2.699 0.319 0.26
1.812 2.698 0.319 0.27
1.800 2.699 0.319 0.27
1.790 2.692 0.318 0.27
1.783 2.701 0.319 0.27
1.762 2.686 0.318 0.27
1.752 2.690 0.318 0.26
1.742 2.692 0.318 0.26
1.731 2.694 0.317 0.27
1.719 2.695 0.317 0.27
1.715 2.697 0.317 0.27
1.699 2.691 0.317 0.26
1.688 2.691 0.317 0.27
1.675 2.690 0.316 0.25
1.664 2.690 0.316 0.27
1.655 2.695 0.316 0.26
1.639 2.688 0.316 0.27
1.631 2.684 0.315 0.27
1.621 2.685 0.315 0.27
1.610 2.687 0.315 0.26
1.600 2.689 0.315 0.27
1.590 2.692 0.315 0.26
1.576 2.687 0.314 0.26
1.568 2.693 0.315 0.27
1.562 2.692 0.314 0.26
1.550 2.690 0.314 0.27
1.533 2.679 0.313 0.27
1.525 2.686 0.314 0.27
1.520 2.698 0.314 0.26
1.501 2.683 0.313 0.27
1.488 2.679 0.313 0.26
1.483 2.680 0.313 0.25
1.477 2.690 0.313 0.26
1.466 2.689 0.313 0.26
1.455 2.688 0.312 0.26
1.446 2.693 0.312 0.27
1.434 2.690 0.312 0.26
1.418 2.680 0.312 0.25
1.409 2.672 0.311 0.16
1.403 2.682 0.311 0.45
1.393 2.683 0.311 0.25
1.378 2.674 0.311 0.25
1.374 2.688 0.311 0.25
1.360 2.681 0.311 0.26
1.354 2.689 0.311 0.26
1.338 2.679 0.310 0.26
1.334 2.681 0.310 0.26
1.323 2.680 0.310 0.26
1.317 2.689 0.310 0.25
1.304 2.683 0.310 0.25
1.294 2.685 0.310 0.26
1.283 2.684 0.310 0.26
1.277 2.682 0.310 0.26
1.261 2.668 0.309 0.16
1.254 2.675 0.309 0.45
1.241 2.670 0.309 0.25
1.235 2.678 0.309 0.16
1.225 2.680 0.309 0.45
1.220 2.691 0.309 0.25
1.212 2.684 0.309 0.26
1.202 2.684 0.309 0.25
1.181 2.660 0.308 0.16
1.181 2.682 0.308 0.45
1.167 2.673 0.308 0.25
1.157 2.673 0.308 0.16
1.150 2.678 0.308 0.45
1.145 2.678 0.308 0.25
1.126 2.658 0.307 0.16
1.127 2.684 0.308 0.45
1.115 2.678 0.307 0.25
1.100 2.665 0.307 0.16
1.096 2.679 0.307 0.45
1.084 2.675 0.307 0.25
1.076 2.668 0.306 0.16
1.069 2.673 0.306 0.45
1.063 2.684 0.307 0.25
1.041 2.652 0.305 0.16
1.041 2.677 0.306 0.45
1.034 2.682 0.306 0.25
1.016 2.661 0.305 0.16
1.018 2.680 0.306 0.45
1.004 2.668 0.306 0.25
1.000 2.682 0.306 0.26
0.979 2.652 0.305 0.16
0.982 2.685 0.306 0.45
0.969 2.675 0.305 0.25
0.960 2.676 0.305 0.16
0.957 2.683 0.305 0.45
0.945 2.675 0.305 0.25
0.934 2.668 0.305 0.16
0.927 2.677 0.305 0.45
0.918 2.678 0.305 0.25
0.905 2.665 0.304 0.16
0.900 2.680 0.305 0.45
0.895 2.679 0.305 0.25
0.879 2.657 0.304 0.15
0.876 2.679 0.304 0.45
0.863 2.667 0.304 0.25
0.849 2.650 0.303 0.16
0.846 2.672 0.304 0.44
0.842 2.688 0.304 0.25
0.834 2.678 0.304 0.18
0.823 2.669 0.304 0.29
0.808 2.650 0.303 0.14
0.811 2.693 0.304 0.35
0.795 2.669 0.303 0.24
0.783 2.658 0.303 0.16
0.781 2.681 0.304 0.45
0.772 2.667 0.303 0.25
0.757 2.647 0.302 0.15
0.757 2.680 0.303 0.45
0.745 2.667 0.303 0.25
0.728 2.636 0.302 0.16
0.729 2.675 0.303 0.45
0.716 2.660 0.302 0.25
0.706 2.640 0.302 0.16
0.708 2.683 0.303 0.45
0.694 2.662 0.302 0.24
0.679 2.637 0.301 0.16
0.680 2.676 0.302 0.45
0.669 2.668 0.302 0.25
0.653 2.637 0.301 0.16
0.657 2.671 0.302 0.45
0.646 2.666 0.302 0.25
0.633 2.644 0.301 0.16
0.629 2.668 0.302 0.44
0.618 2.656 0.301 0.25
0.603 2.631 0.300 0.16
0.604 2.671 0.302 0.45
0.596 2.655 0.301 0.24
0.584 2.639 0.301 0.16
0.582 2.674 0.302 0.45
0.569 2.654 0.301 0.25
0.557 2.639 0.300 0.16
0.554 2.666 0.301 0.45
0.545 2.662 0.301 0.25
0.539 2.657 0.301 0.25
0.529 2.650 0.301 0.25
0.522 2.654 0.301 0.26
0.513 2.656 0.301 0.25
0.501 2.638 0.300 0.16
0.497 2.663 0.301 0.45
0.486 2.649 0.300 0.25
0.478 2.624 0.299 0.16
0.476 2.665 0.301 0.45
0.466 2.656 0.300 0.25
0.457 2.654 0.300 0.25
0.446 2.637 0.300 0.16
0.441 2.663 0.300 0.44
0.431 2.650 0.300 0.25
0.427 2.657 0.300 0.26
0.417 2.646 0.300 0.16
0.411 2.659 0.300 0.44
0.401 2.653 0.300 0.25
0.392 2.644 0.300 0.16
0.384 2.653 0.300 0.44
0.376 2.656 0.300 0.25
0.369 2.635 0.299 0.17
0.364 2.660 0.300 0.44
0.354 2.649 0.300 0.25
0.344 2.636 0.299 0.16
0.337 2.651 0.300 0.45
0.328 2.643 0.299 0.25
0.322 2.663 0.300 0.26
0.313 2.624 0.298 0.16
0.309 2.657 0.300 0.45
0.299 2.650 0.299 0.25
0.288 2.621 0.298 0.16
0.284 2.662 0.300 0.44
0.274 2.645 0.299 0.25
0.265 2.646 0.299 0.26
0.261 2.648 0.299 0.25
0.253 2.653 0.299 0.25
0.244 2.640 0.299 0.25
0.235 2.638 0.299 0.26
0.226 2.625 0.298 0.16
0.220 2.656 0.299 0.45
0.211 2.646 0.299 0.25
0.206 2.635 0.298 0.16
0.198 2.645 0.299 0.45
0.190 2.652 0.299 0.25
0.182 2.651 0.299 0.26
0.173 2.647 0.299 0.25
0.164 2.624 0.298 0.16
0.157 2.654 0.299 0.45
0.152 2.634 0.298 0.25
0.144 2.645 0.299 0.25
0.135 2.631 0.298 0.16
0.128 2.652 0.299 0.45
0.119 2.640 0.298 0.25
0.110 2.621 0.298 0.16
0.103 2.647 0.299 0.45
0.098 2.641 0.298 0.25
0.090 2.647 0.299 0.26
0.082 2.646 0.299 0.27
0.073 2.648 0.299 0.27
0.065 2.652 0.299 0.27
0.057 2.646 0.299 0.26
0.048 2.642 0.298 0.26
0.044 2.644 0.299 0.25
0.036 2.647 0.299 0.26
0.028 2.651 0.299 0.25
0.019 2.649 0.299 0.26
0.011 2.651 0.299 0.27
0.003 2.649 0.299 0.25
-0.006 2.641 0.298 0.26
-0.010 2.639 0.298 0.27
-0.018 2.637 0.298 0.27
-0.026 2.639 0.298 0.26
-0.035 2.645 0.299 0.26
-0.043 2.639 0.298 0.25
-0.051 2.626 0.298 0.17
-0.060 2.648 0.299 0.45
-0.068 2.642 0.298 0.25
-0.072 2.642 0.298 0.25
-0.080 2.634 0.298 0.25
-0.089 2.655 0.299 0.25
-0.096 2.625 0.298 0.16
-0.106 2.653 0.299 0.45
-0.114 2.646 0.299 0.25
-0.121 2.628 0.298 0.16
-0.126 2.646 0.299 0.45
-0.134 2.631 0.298 0.25
-0.143 2.645 0.299 0.25
-0.150 2.633 0.298 0.16
-0.161 2.662 0.299 0.44
-0.169 2.657 0.299 0.25
-0.175 2.623 0.298 0.16
-0.181 2.649 0.299 0.44
-0.189 2.642 0.299 0.25
-0.196 2.630 0.298 0.16
-0.206 2.653 0.299 0.44
-0.214 2.648 0.299 0.25
-0.219 2.612 0.298 0.16
-0.227 2.653 0.299 0.43
-0.235 2.644 0.299 0.24
-0.240 2.618 0.298 0.16
-0.253 2.655 0.299 0.43
-0.260 2.646 0.299 0.24
-0.266 2.619 0.298 0.16
-0.279 2.662 0.300 0.43
-0.285 2.644 0.299 0.24
-0.287 2.627 0.298 0.16
-0.299 2.656 0.300 0.43
-0.308 2.659 0.300 0.23
-0.312 2.622 0.298 0.15
-0.325 2.659 0.300 0.43
-0.333 2.654 0.300 0.24
-0.337 2.625 0.299 0.15
-0.346 2.656 0.300 0.43
-0.355 2.663 0.300 0.24
-0.357 2.619 0.298 0.15
-0.372 2.659 0.300 0.43
-0.381 2.664 0.300 0.25
-0.386 2.641 0.299 0.15
-0.399 2.667 0.300 0.43
-0.400 2.651 0.300 0.24
-0.405 2.626 0.299 0.16
-0.419 2.660 0.300 0.43
-0.425 2.643 0.300 0.24
-0.432 2.638 0.300 0.16
-0.446 2.666 0.301 0.43
-0.450 2.663 0.300 0.25
-0.455 2.648 0.300 0.16
-0.468 2.668 0.301 0.43
-0.474 2.653 0.300 0.25
-0.480 2.640 0.300 0.16
-0.493 2.662 0.301 0.43
-0.502 2.668 0.301 0.24
-0.507 2.649 0.300 0.15
-0.515 2.666 0.301 0.44
-0.522 2.656 0.301 0.24
-0.529 2.649 0.300 0.16
-0.540 2.663 0.301 0.45
-0.551 2.671 0.301 0.24
-0.554 2.643 0.300 0.17
-0.567 2.665 0.301 0.44
-0.572 2.666 0.301 0.25
-0.580 2.664 0.301 0.18
-0.589 2.664 0.301 0.30
-0.596 2.657 0.301 0.21
-0.601 2.639 0.301 0.14
-0.615 2.661 0.301 0.43
-0.624 2.665 0.302 0.24
-0.624 2.644 0.301 0.16
-0.638 2.667 0.302 0.43
-0.642 2.648 0.301 0.24
-0.648 2.636 0.301 0.15
-0.666 2.671 0.302 0.43
-0.672 2.661 0.302 0.23
-0.680 2.655 0.302 0.15
-0.687 2.664 0.302 0.43
-0.697 2.671 0.302 0.23
-0.698 2.642 0.302 0.15
-0.714 2.665 0.302 0.43
-0.719 2.653 0.302 0.24
-0.728 2.651 0.302 0.15
-0.743 2.671 0.303 0.44
-0.747 2.672 0.303 0.23
-0.748 2.643 0.302 0.16
-0.765 2.671 0.303 0.45
-0.772 2.663 0.303 0.24
-0.780 2.659 0.303 0.15
-0.794 2.675 0.303 0.42
-0.801 2.667 0.303 0.23
-0.805 2.666 0.303 0.17
-0.816 2.673 0.304 0.41
-0.829 2.684 0.304 0.19
-0.837 2.681 0.304 0.13
-9.636 29.646 1.263 0.17
-9.743 29.657 1.265 0.16
-9.872 29.735 1.269 0.39
-9.915 29.400 1.258 0.18
-9.958 29.225 1.253 0.18
-9.997 29.042 1.248 0.23
-10.216 29.375 1.261 0.16
-10.350 29.463 1.265 0.50
-10.379 29.108 1.254 0.48
-10.575 29.077 1.255 0.33
-10.662 29.033 1.255 0.18
-11.181 30.150 1.296 0.00
-11.127 29.719 1.282 0.12
-11.037 29.200 1.265 0.25
-11.056 29.112 1.262 0.34
-11.236 29.034 1.262 0.47
-11.366 29.098 1.265 0.17
-11.323 28.723 1.253 0.37
-11.562 29.061 1.267 0.21
-11.837 29.480 1.283 0.30
-11.561 28.663 1.254 0.19
-11.624 28.562 1.252 0.00
-11.609 28.270 1.243 0.00
-11.918 28.763 1.262 0.07
-12.462 29.810 1.302 0.11
-12.716 30.150 1.316 0.00
-13.082 30.746 1.339 0.00
-12.362 28.932 1.273 0.00
-12.764 29.612 1.300 0.11
-13.139 30.219 1.323 0.12
-12.592 28.719 1.269 0.14
-13.190 29.825 1.312 0.12
-13.264 29.738 1.310 0.12
-13.341 29.661 1.309 0.00
-13.210 29.247 1.294 0.00
-13.111 28.787 1.279 0.07
-13.146 28.626 1.274 0.14
-13.263 28.643 1.276 0.00
-13.876 29.477 1.311 0.00
-18.058 38.033 1.633 0.00
-13.935 29.245 1.305 0.12
-18.521 38.538 1.655 0.16
-18.690 38.579 1.659 0.18
-18.835 38.568 1.661 0.28
-18.989 38.575 1.663 0.19
-18.240 36.765 1.597 0.19
-18.373 36.743 1.598 0.22
-19.135 37.966 1.647 0.10
-19.515 38.567 1.671 0.13
-19.680 38.591 1.674 0.13
-19.836 38.599 1.677 0.14
-19.282 37.234 1.627 0.00
-20.131 38.574 1.680 0.00
-20.293 38.589 1.683 0.00
-18.132 34.224 1.519 0.12
-18.048 33.936 1.509 0.20
-18.028 33.643 1.500 0.20
-18.061 33.452 1.495 0.18
-17.678 32.500 1.460 0.27
-17.731 32.355 1.457 0.11
-17.789 32.221 1.454 0.00
-18.050 32.572 1.468 0.10
-18.254 32.456 1.468 0.42
-18.090 31.931 1.450 0.25
-18.080 31.681 1.443 0.26
-18.153 31.578 1.441 0.28
-18.268 31.548 1.442 0.00
-20.463 35.206 1.586 0.16
-18.940 32.355 1.477 0.22
-19.059 32.325 1.478 0.13
-18.540 31.222 1.437 0.47
-18.688 31.247 1.440 0.22
-18.796 31.204 1.441 0.32
-18.873 31.111 1.440 0.27
-19.148 31.341 1.451 0.30
-19.109 31.168 1.445 0.23
-19.360 31.354 1.455 0.26
-19.357 31.130 1.449 0.23
-19.395 30.974 1.445 0.29
-19.192 30.438 1.426 0.19
-19.537 30.771 1.442 0.24
-19.624 30.694 1.441 0.36
-19.540 30.457 1.433 0.23
-19.459 30.123 1.422 0.30
-19.830 30.486 1.439 0.25
-19.544 29.842 1.415 0.17
-19.680 29.843 1.418 0.00
-19.943 30.036 1.428 0.16
-20.883 31.237 1.480 0.25
-20.365 30.360 1.445 0.11
-22.109 32.733 1.545 0.14
-22.236 32.700 1.546 0.17
-20.623 30.127 1.444 0.13
-20.720 30.065 1.444 0.14
-20.788 29.962 1.442 0.09
-21.171 30.310 1.459 0.20
-21.378 30.504 1.469 0.11
-21.201 30.051 1.453 0.17
-21.311 30.006 1.454 0.17
-21.557 30.151 1.462 0.16
-21.955 30.504 1.480 0.15
-21.905 30.234 1.472 0.23
-22.022 30.196 1.473 0.18
-21.887 29.913 1.462 0.36
-22.200 30.140 1.475 0.19
-22.133 29.853 1.466 0.00
-22.447 30.078 1.478 0.00
-28.426 37.830 1.809 0.00
-22.939 30.336 1.495 0.00
-28.933 38.005 1.824 0.11
-29.431 38.532 1.849 0.24
-29.617 38.524 1.852 0.30
-29.804 38.516 1.856 0.28
-29.995 38.512 1.860 0.28
-30.180 38.499 1.863 0.21
-30.376 38.500 1.867 0.17
-30.588 38.518 1.872 0.18
-30.694 38.528 1.875 0.19
-30.882 38.514 1.878 0.18
-31.100 38.538 1.884 0.46
-31.300 38.537 1.888 0.22
-31.507 38.543 1.892 0.27
-31.687 38.517 1.896 0.29
-31.878 38.501 1.899 0.27
-32.031 38.562 1.904 0.27
-32.236 38.562 1.909 0.26
-32.414 38.528 1.912 0.21
-32.645 38.556 1.917 0.29
-27.168 31.891 1.626 0.00
-27.221 31.751 1.623 0.00
-27.436 31.798 1.629 0.00
-34.224 38.541 1.952 0.00
-34.425 38.523 1.956 0.00
-34.662 38.543 1.962 0.00
-28.376 31.462 1.642 0.00
-35.039 38.596 1.972 0.00
-28.825 31.359 1.649 0.13
-28.914 31.258 1.649 0.14
-29.167 31.334 1.657 0.00
-28.858 30.808 1.637 0.11
-28.651 30.491 1.624 0.14
-28.698 30.349 1.622 0.14
-28.886 30.357 1.626 0.08
-30.957 32.327 1.723 0.14
-37.180 38.574 2.021 0.17
-37.402 38.561 2.026 0.24
-37.648 38.572 2.032 0.19
-37.852 38.537 2.036 0.00
-31.146 31.617 1.710 0.00
-30.147 30.412 1.657 0.07
-30.153 30.228 1.653 0.14
-30.589 30.473 1.669 0.21
-30.672 30.364 1.669 0.36
-30.733 30.234 1.667 0.00
-32.027 31.210 1.721 0.07
-32.039 31.026 1.717 0.00
-58.398 54.257 2.905 0.00
-58.528 54.037 2.903 0.00
-58.107 53.311 2.876 0.00
-58.165 53.029 2.871 0.00
-59.121 53.056 2.895 0.00
-59.156 52.753 2.889 0.00
-36.574 32.423 1.862 0.15
-36.721 32.347 1.864 0.00
-36.839 32.246 1.865 0.12
-44.344 38.564 2.196 0.12
-44.559 38.627 2.203 0.00
-44.793 38.585 2.208 0.00
-44.934 37.373 2.185 0.00
-43.434 35.897 2.115 0.00
-44.916 36.884 2.174 0.00
-40.177 32.786 1.963 0.16
-40.182 32.580 1.958 0.25
-40.280 32.450 1.958 0.00
-40.457 32.383 1.961 0.00
-53.378 42.578 2.518 0.00
-52.803 41.849 2.487 0.00
-52.901 41.657 2.486 0.00
-54.007 42.253 2.528 0.00
-53.850 41.858 2.515 0.00
-53.121 41.025 2.479 0.00
-52.878 40.573 2.463 0.00
-52.557 40.196 2.447 0.00
-52.308 39.746 2.431 0.00
-51.078 38.559 2.373 0.00
-51.197 38.397 2.373 0.00
-51.207 38.154 2.368 0.00
-51.222 37.916 2.364 0.00
-51.445 37.831 2.368 0.00
-39.055 28.633 1.847 0.00
-39.154 28.517 1.847 0.00
-52.949 38.300 2.419 0.00
-53.022 38.099 2.417 0.07
-43.221 30.857 2.005 0.00
-43.493 30.845 2.012 0.00
-54.375 38.298 2.458 0.00
-53.756 37.737 2.430 0.00
-53.401 37.238 2.411 0.00
-48.607 33.672 2.209 0.00
-48.652 33.477 2.206 0.00
-48.852 33.389 2.210 0.00
-54.644 37.093 2.442 0.00
-55.948 37.721 2.491 0.00
-49.183 33.051 2.213 0.00
-49.163 32.815 2.208 0.10
-9.708 6.461 0.603 0.15
-9.714 6.421 0.603 0.37
-9.714 6.377 0.602 0.37
-9.729 6.343 0.602 0.33
-9.723 6.296 0.601 0.36
-9.716 6.270 0.600 0.36
-9.722 6.231 0.600 0.36
-9.717 6.184 0.599 0.36
-9.722 6.145 0.598 0.36
-9.726 6.105 0.597 0.36
-9.722 6.060 0.596 0.42
-9.751 6.036 0.597 0.39
-9.812 6.052 0.599 0.30
-9.892 6.058 0.601 0.35
-9.962 6.058 0.603 0.35
-10.038 6.061 0.606 0.30
-10.124 6.069 0.608 0.39
-10.055 5.985 0.605 0.00
-51.229 30.154 2.219 0.00
-66.301 38.876 2.808 0.00
-51.757 30.137 2.234 0.00
-51.779 29.932 2.232 0.00
-50.397 28.923 2.174 0.00
-64.267 36.608 2.710 0.00
-51.474 29.113 2.209 0.06
-51.632 28.988 2.211 0.00
-51.818 28.986 2.217 0.10
-28.422 15.678 1.307 0.26
-28.405 15.553 1.304 0.89
-28.380 15.423 1.301 0.96
-28.359 15.297 1.299 0.99
-28.388 15.198 1.298 0.99
-28.348 15.119 1.296 0.99
-28.339 15.000 1.293 0.99
-28.333 14.883 1.291 0.99
-28.328 14.767 1.289 0.99
-28.254 14.616 1.285 0.99
-28.241 14.497 1.283 0.99
-28.225 14.377 1.280 0.99
-28.230 14.324 1.280 0.99
-27.991 14.093 1.269 0.82
-13.132 6.575 0.706 0.20
-13.086 6.501 0.703 0.50
-13.024 6.420 0.700 0.29
-13.184 6.447 0.705 0.58
-13.084 6.347 0.701 0.30
-13.025 6.294 0.698 0.45
-13.029 6.245 0.698 0.30
-13.039 6.200 0.697 0.51
-13.079 6.168 0.698 0.38
-13.054 6.107 0.696 0.51
-13.173 6.112 0.700 0.28
-13.122 6.038 0.698 0.42
-13.220 6.058 0.701 0.56
-13.314 6.050 0.704 0.29
-13.298 5.993 0.702 0.59
-13.560 6.059 0.711 0.00
-72.111 31.557 2.871 0.00
-53.853 22.078 2.177 0.00
-75.023 20.729 2.841 0.00
-74.777 20.408 2.830 0.00
-74.549 20.220 2.821 0.00
-75.514 20.227 2.853 0.00
-75.332 18.288 2.830 0.00
-75.461 18.069 2.833 0.00
-75.705 17.625 2.838 0.00
-75.371 17.422 2.825 0.00
-75.337 17.166 2.822 0.00
-75.369 16.924 2.821 0.00
-28.442 6.122 1.193 0.18
-22.281 4.692 0.979 0.36
-22.268 4.616 0.978 0.50
-22.347 4.559 0.980 0.31
-22.345 4.486 0.980 0.47
-22.354 4.415 0.980 0.36
-22.352 4.341 0.979 0.46
-22.357 4.270 0.979 0.35
-22.357 4.197 0.978 0.46
-22.352 4.160 0.978 0.35
-22.335 4.084 0.977 0.54
-22.358 4.016 0.977 0.33
-22.352 3.942 0.977 0.46
-22.339 3.867 0.976 0.41
-22.316 3.791 0.975 0.42
-22.369 3.728 0.976 0.37
-22.353 3.689 0.975 0.47
-22.361 3.618 0.975 0.36
-22.356 3.546 0.975 0.47
-22.369 3.476 0.975 0.36
-22.354 3.402 0.974 0.46
-22.373 3.333 0.974 0.36
-22.351 3.258 0.973 0.45
-22.356 3.223 0.973 0.36
-22.353 3.150 0.972 0.47
-22.301 3.072 0.970 0.43
-22.338 3.005 0.971 0.42
-22.373 2.939 0.972 0.36
-22.361 2.865 0.971 0.49
-22.366 2.795 0.971 0.38
-22.366 2.759 0.971 0.48
-22.355 2.686 0.970 0.38
-22.349 2.615 0.970 0.49
-22.375 2.546 0.971 0.37
-22.353 2.473 0.970 0.48
-22.367 2.403 0.970 0.38
-22.366 2.332 0.970 0.51
-22.276 2.287 0.966 0.44
-22.465 2.235 0.973 0.58
-22.356 2.154 0.969 0.00
-23.442 2.183 1.005 0.00
-24.298 2.185 1.034 0.00
-25.279 2.192 1.067 0.00
-26.304 2.196 1.102 0.00
-28.203 2.219 1.166 0.00
-32.839 -2.693 1.323 0.00
-32.066 -2.731 1.297 0.00
-30.966 -2.734 1.260 0.00
-29.767 -2.674 1.220 0.00
-28.877 -2.685 1.190 0.00
-28.009 -2.692 1.161 0.00
-27.121 -2.692 1.131 0.00
-26.204 -2.683 1.100 0.00
-25.474 -2.689 1.075 0.00
-24.764 -2.653 1.051 0.00
-24.077 -2.655 1.028 0.00
-23.405 -2.654 1.006 0.00
-22.799 -2.658 0.985 0.00
-22.229 -2.661 0.966 0.00
-21.675 -2.663 0.948 0.00
-21.149 -2.666 0.930 0.00
-20.621 -2.664 0.912 0.00
-20.153 -2.635 0.896 0.07
-19.404 -2.661 0.871 0.28
-19.011 -2.667 0.858 0.21
-18.939 -2.718 0.856 0.52
-18.737 -2.748 0.849 0.23
-18.479 -2.770 0.841 0.44
-18.182 -2.754 0.831 0.22
-17.844 -2.760 0.820 0.28
-17.584 -2.776 0.811 0.00
-17.369 -2.797 0.804 0.13
-17.200 -2.825 0.799 0.20
-16.933 -2.836 0.790 0.00
-16.743 -2.858 0.783 0.00
-16.701 -2.877 0.782 0.07
-16.666 -2.925 0.781 0.11
-16.625 -2.972 0.780 0.36
-16.606 -3.022 0.780 0.25
-16.598 -3.075 0.780 0.27
-16.567 -3.123 0.779 0.19
-16.590 -3.181 0.780 0.43
-16.576 -3.206 0.780 0.22
-16.548 -3.254 0.779 0.16
-16.585 -3.316 0.781 0.39
-16.592 -3.371 0.782 0.20
-16.585 -3.424 0.782 0.17
-16.586 -3.479 0.782 0.33
-16.574 -3.504 0.782 0.14
-16.579 -3.559 0.783 0.40
-16.591 -3.616 0.783 0.18
-16.599 -3.673 0.784 0.17
-16.599 -3.727 0.784 0.10
-16.601 -3.783 0.785 0.16
-16.593 -3.836 0.785 0.16
-16.585 -3.861 0.785 0.23
-16.555 -3.909 0.784 0.21
-16.790 -4.021 0.793 0.00
-16.583 -4.026 0.786 0.00
-16.588 -4.082 0.787 0.13
-16.586 -4.137 0.787 0.09
-16.579 -4.191 0.787 0.12
-16.576 -4.218 0.788 0.14
-16.588 -4.277 0.788 0.16
-16.586 -4.332 0.789 0.09
-16.602 -4.392 0.790 0.15
-16.599 -4.447 0.790 0.20
-16.597 -4.502 0.791 0.20
-16.563 -4.549 0.790 0.13
-16.606 -4.589 0.792 0.00
-16.569 -4.634 0.791 0.00
-16.592 -4.697 0.792 0.00
-16.597 -4.755 0.793 0.00
-16.618 -4.818 0.794 0.00
-16.639 -4.881 0.795 0.00
-16.701 -4.956 0.798 0.00
-66.060 -19.910 2.542 0.00
-50.601 -15.331 1.997 0.00
-65.325 -20.024 2.520 0.00
-65.592 -20.332 2.531 0.04
-43.264 -13.550 1.742 0.00
-43.193 -13.677 1.741 0.00
-44.140 -14.207 1.777 0.00
-44.046 -14.330 1.775 0.00
-43.949 -14.451 1.774 0.00
-44.167 -14.677 1.783 0.00
-44.126 -14.817 1.783 0.00
-43.266 -14.679 1.754 0.00
-42.811 -14.750 1.740 0.12
-42.774 -14.888 1.741 0.16
-32.859 -11.546 1.387 0.00
-32.847 -11.658 1.388 0.00
-69.464 -25.178 2.708 0.00
-65.184 -23.857 2.556 0.00
-53.159 -19.545 2.124 0.04
-53.054 -19.696 2.123 0.00
-53.061 -19.889 2.125 0.00
-48.413 -18.318 1.959 0.00
-48.309 -18.452 1.958 0.00
-47.682 -18.384 1.937 0.13
-47.590 -18.521 1.936 0.18
-47.693 -18.647 1.941 0.00
-48.259 -19.044 1.963 0.08
-48.199 -19.195 1.963 0.00
-47.966 -19.277 1.957 0.00
-47.787 -19.380 1.953 0.04
-47.393 -19.393 1.941 0.09
-50.378 -20.801 2.052 0.08
-50.260 -20.845 2.049 0.08
-46.857 -19.605 1.927 0.09
-46.862 -19.780 1.929 0.00
-46.614 -19.848 1.922 0.00
-46.689 -20.054 1.927 0.00
-46.281 -20.310 1.918 0.00
-45.696 -20.225 1.899 0.11
-45.563 -20.337 1.896 0.12
-45.523 -20.491 1.897 0.00
-45.454 -20.632 1.897 0.00
-64.029 -29.318 2.590 0.00
-63.733 -29.425 2.583 0.00
-68.088 -31.567 2.747 0.00
-68.866 -32.192 2.780 0.00
-30.128 -14.415 1.339 0.23
-30.094 -14.515 1.339 0.46
-29.897 -14.536 1.333 0.00
-65.506 -32.010 2.675 0.00
-65.882 -32.451 2.692 0.09
-50.049 -24.841 2.098 0.14
-49.888 -24.957 2.095 0.39
-49.804 -25.111 2.095 0.00
-49.923 -25.566 2.106 0.00
-69.762 -36.153 2.866 0.00
-69.783 -36.442 2.871 0.00
-51.396 -30.539 2.231 0.00
-43.962 -29.203 1.994 0.00
-43.958 -29.400 1.997 0.04
-44.569 -30.012 2.026 0.00
-45.111 -30.688 2.054 0.00
-45.042 -30.848 2.055 0.00
-49.874 -34.623 2.262 0.00
-44.243 -30.917 2.034 0.06
-44.138 -31.051 2.034 0.00
-44.047 -31.194 2.034 0.00
-43.945 -31.853 2.044 0.00
-43.871 -32.010 2.046 0.00
-30.827 -23.007 1.510 0.00
-30.554 -22.953 1.501 0.00
-31.597 -23.893 1.549 0.03
-30.550 -23.252 1.507 0.16
-30.412 -23.298 1.505 0.00
-49.973 -38.554 2.343 0.00
-29.944 -23.925 1.505 0.25
-29.925 -23.987 1.506 0.00
-2.985 -2.781 0.347 0.00
-2.940 -2.748 0.345 0.00
-2.978 -2.801 0.347 0.00
-2.834 -2.732 0.342 0.00
-2.769 -2.686 0.340 0.00
-2.806 -2.731 0.342 0.00
-52.865 -52.431 2.727 0.00
-51.706 -51.603 2.679 0.00
-50.504 -50.721 2.629 0.00
-50.318 -50.853 2.628 0.00
-51.137 -52.007 2.675 0.00
-50.999 -52.193 2.677 0.00
-49.799 -51.125 2.622 0.00
-49.731 -51.377 2.627 0.00
-2.982 -3.104 0.355 0.00
-11.170 -11.657 0.755 0.00
-2.902 -3.039 0.351 0.07
-10.978 -11.674 0.751 0.16
-10.943 -11.674 0.750 0.33
-10.881 -11.681 0.749 0.33
-10.820 -11.688 0.748 0.33
-10.761 -11.699 0.747 0.35
-10.710 -11.716 0.746 0.38
-10.714 -11.796 0.748 0.34
-10.719 -11.875 0.750 0.35
-10.737 -11.934 0.752 0.34
-10.737 -12.009 0.754 0.34
-10.922 -12.294 0.765 0.00
-29.963 -34.228 1.747 0.30
-29.940 -34.419 1.752 0.20
-29.854 -34.538 1.753 0.20
-29.760 -34.540 1.751 0.23
-29.540 -34.502 1.745 0.24
-29.337 -34.484 1.740 0.18
-29.290 -34.649 1.743 0.34
-29.130 -34.680 1.741 0.21
-29.087 -34.851 1.744 0.25
-29.081 -35.067 1.750 0.21
-29.058 -35.151 1.751 0.31
-28.884 -35.165 1.748 0.00
-28.891 -35.399 1.754 0.00
-47.511 -58.617 2.761 0.00
-2.624 -3.261 0.351 0.09
-2.578 -3.214 0.348 0.14
-2.556 -3.206 0.348 0.45
-2.534 -3.200 0.347 0.27
-2.529 -3.214 0.347 0.26
-2.512 -3.213 0.347 0.29
-2.494 -3.211 0.347 0.30
-2.473 -3.204 0.346 0.30
-2.466 -3.205 0.346 0.31
-2.440 -3.192 0.345 0.29
-2.431 -3.201 0.345 0.32
-2.412 -3.196 0.345 0.28